source/monthly_radiation/monthlyradiation2.txt
ncols         30
nrows         30
xllcorner     308214.21450703
yllcorner     6373026.5642768
cellsize      10
NODATA_value  -9999
17903.71 17903.72 17903.71 17903.71 17903.73 17903.7 17903.74 17903.7 17903.73 17903.72 17903.72 17903.72 17903.71 17903.73 17903.71 17903.81 17903.77 17903.78 17903.73 17903.73 17903.71 17903.72 17903.71 17903.71 17903.73 17903.71 17903.72 17903.73 17903.73 17903.74 
17903.68 17903.66 17903.66 17903.67 17903.68 17903.69 17903.7 17903.71 17903.72 17903.71 17903.71 17903.71 17903.71 17903.71 17903.74 17903.78 17903.79 17903.77 17903.74 17903.72 17903.72 17903.72 17903.72 17903.72 17903.72 17903.72 17903.72 17903.73 17903.74 17903.74 
17903.68 17903.66 17903.66 17903.67 17903.68 17903.69 17903.7 17903.71 17903.71 17903.71 17903.7 17903.7 17903.71 17903.72 17903.72 17903.71 17903.72 17903.73 17903.75 17903.74 17903.71 17903.7 17903.69 17903.68 17903.69 17903.7 17903.71 17903.72 17903.72 17903.73 
17903.71 17903.71 17903.71 17903.71 17903.71 17903.71 17903.71 17903.71 17903.71 17903.72 17903.71 17903.71 17903.71 17903.7 17903.7 17903.72 17903.76 17903.77 17903.77 17903.74 17903.72 17903.7 17903.69 17903.68 17903.69 17903.7 17903.71 17903.71 17903.72 17903.73 
17903.72 17903.73 17903.73 17903.74 17903.74 17903.74 17903.73 17903.71 17903.71 17903.71 17903.71 17903.71 17903.71 17903.7 17903.7 17903.72 17903.76 17903.76 17903.73 17903.72 17903.72 17903.72 17903.72 17903.72 17903.72 17903.72 17903.72 17903.71 17903.71 17903.71 
17903.73 17903.73 17903.73 17903.74 17903.75 17903.76 17903.74 17903.71 17903.71 17903.71 17903.7 17903.68 17903.65 17903.62 17903.59 17903.56 17903.57 17903.59 17903.64 17903.69 17903.7 17903.68 17903.67 17903.68 17903.69 17903.69 17903.69 17903.69 17903.67 17903.66 
17903.73 17903.72 17903.71 17903.71 17903.72 17903.74 17903.73 17903.71 17903.71 17903.72 17903.71 17903.68 17903.65 17903.62 17903.59 17903.56 17903.56 17903.59 17903.64 17903.69 17903.7 17903.68 17903.67 17903.68 17903.69 17903.69 17903.69 17903.69 17903.67 17903.66 
17903.72 17903.73 17903.73 17903.73 17903.74 17903.73 17903.73 17903.71 17903.71 17903.71 17903.72 17903.72 17903.72 17903.72 17903.72 17903.71 17903.71 17903.71 17903.72 17903.72 17903.72 17903.72 17903.72 17903.72 17903.72 17903.72 17903.72 17903.72 17903.72 17903.72 
17903.74 17903.75 17903.75 17903.76 17903.76 17903.75 17903.74 17903.71 17903.69 17903.66 17903.63 17903.61 17903.6 17903.61 17903.61 17903.6 17903.59 17903.57 17903.57 17903.59 17903.6 17903.61 17903.61 17903.62 17903.63 17903.63 17903.62 17903.59 17903.61 17903.68 
17903.73 17903.73 17903.73 17903.74 17903.73 17903.73 17903.72 17903.72 17903.7 17903.67 17903.63 17903.61 17903.6 17903.61 17903.61 17903.6 17903.59 17903.57 17903.57 17903.59 17903.6 17903.61 17903.61 17903.62 17903.63 17903.64 17903.62 17903.6 17903.6 17903.58 
17903.71 17903.72 17903.71 17903.69 17903.65 17903.62 17903.65 17903.7 17903.72 17903.72 17903.72 17903.72 17903.72 17903.72 17903.72 17903.72 17903.72 17903.72 17903.72 17903.72 17903.72 17903.72 17903.72 17903.72 17903.72 17903.72 17903.72 17903.72 17903.7 17903.68 
17903.71 17903.72 17903.71 17903.69 17903.65 17903.62 17903.64 17903.65 17903.64 17903.64 17903.65 17903.69 17903.71 17903.72 17903.71 17903.69 17903.68 17903.68 17903.67 17903.66 17903.64 17903.65 17903.66 17903.66 17903.64 17903.66 17903.7 17903.72 17903.72 17903.72 
17903.71 17903.71 17903.71 17903.71 17903.71 17903.71 17903.7 17903.66 17903.64 17903.64 17903.65 17903.69 17903.71 17903.72 17903.71 17903.69 17903.68 17903.68 17903.67 17903.66 17903.64 17903.65 17903.66 17903.66 17903.64 17903.66 17903.65 17903.75 17903.75 17903.73 
17903.76 17903.77 17903.76 17903.73 17903.71 17903.71 17903.71 17903.72 17903.72 17903.72 17903.72 17903.72 17903.72 17903.72 17903.72 17903.72 17903.72 17903.72 17903.72 17903.72 17903.72 17903.72 17903.72 17903.72 17903.72 17903.72 17903.67 17903.75 17903.75 17903.74 
17903.76 17903.77 17903.77 17903.76 17903.72 17903.7 17903.69 17903.7 17903.72 17903.73 17903.73 17903.72 17903.72 17903.72 17903.74 17903.74 17903.74 17903.74 17903.74 17903.75 17903.75 17903.74 17903.75 17903.74 17903.73 17903.72 17903.65 17903.72 17903.72 17903.72 
17903.71 17903.71 17903.73 17903.74 17903.72 17903.7 17903.69 17903.7 17903.72 17903.74 17903.76 17903.76 17903.76 17903.78 17903.8 17903.83 17903.85 17903.87 17903.86 17903.83 17903.8 17903.8 17903.84 17903.89 17903.91 17903.89 17903.76 17903.76 17903.73 17903.73 
17903.69 17903.7 17903.71 17903.71 17903.71 17903.71 17903.71 17903.72 17903.72 17903.73 17903.75 17903.76 17903.76 17903.77 17903.78 17903.8 17903.83 17903.84 17903.84 17903.8 17903.77 17903.78 17903.81 17903.87 17903.89 17903.88 17903.84 17903.82 17903.81 17903.77 
17903.69 17903.71 17903.72 17903.73 17903.79 17903.8 17903.77 17903.77 17903.76 17903.74 17903.73 17903.72 17903.72 17903.72 17903.72 17903.72 17903.72 17903.72 17903.72 17903.74 17903.77 17903.74 17903.72 17903.72 17903.72 17903.72 17903.74 17903.79 17903.8 17903.76 
17903.71 17903.72 17903.72 17903.73 17903.79 17903.82 17903.83 17903.84 17903.84 17903.85 17903.84 17903.84 17903.83 17903.81 17903.79 17903.75 17903.73 17903.72 17903.73 17903.78 17903.81 17903.81 17903.8 17903.76 17903.73 17903.72 17903.72 17903.7 17903.69 17903.71 
17903.71 17903.71 17903.71 17903.71 17903.71 17903.74 17903.77 17903.78 17903.8 17903.82 17903.83 17903.84 17903.83 17903.81 17903.79 17903.75 17903.73 17903.72 17903.73 17903.75 17903.76 17903.79 17903.8 17903.78 17903.76 17903.75 17903.74 17903.71 17903.7 17903.72 
17903.72 17903.72 17903.71 17903.71 17903.72 17903.72 17903.73 17903.74 17903.74 17903.74 17903.73 17903.72 17903.72 17903.7 17903.7 17903.7 17903.71 17903.71 17903.71 17903.71 17903.71 17903.72 17903.72 17903.73 17903.75 17903.75 17903.74 17903.72 17903.72 17903.73 
17903.72 17903.72 17903.72 17903.72 17903.73 17903.73 17903.74 17903.74 17903.75 17903.76 17903.76 17903.75 17903.73 17903.7 17903.7 17903.7 17903.71 17903.71 17903.71 17903.71 17903.72 17903.71 17903.69 17903.69 17903.7 17903.69 17903.69 17903.71 17903.72 17903.72 
17903.71 17903.71 17903.72 17903.72 17903.72 17903.72 17903.72 17903.72 17903.73 17903.73 17903.74 17903.74 17903.73 17903.72 17903.72 17903.72 17903.72 17903.72 17903.72 17903.72 17903.73 17903.71 17903.68 17903.67 17903.69 17903.69 17903.69 17903.71 17903.72 17903.73 
17903.69 17903.67 17903.67 17903.66 17903.67 17903.69 17903.71 17903.72 17903.72 17903.71 17903.71 17903.7 17903.71 17903.71 17903.72 17903.72 17903.72 17903.73 17903.73 17903.72 17903.72 17903.72 17903.71 17903.7 17903.71 17903.72 17903.72 17903.72 17903.72 17903.72 
17903.68 17903.67 17903.67 17903.66 17903.67 17903.69 17903.71 17903.72 17903.72 17903.71 17903.71 17903.7 17903.71 17903.71 17903.72 17903.74 17903.75 17903.75 17903.74 17903.72 17903.71 17903.7 17903.71 17903.71 17903.71 17903.72 17903.73 17903.74 17903.74 17903.72 
17903.71 17903.71 17903.71 17903.71 17903.71 17903.71 17903.71 17903.71 17903.71 17903.71 17903.71 17903.71 17903.72 17903.72 17903.72 17903.74 17903.74 17903.74 17903.73 17903.72 17903.71 17903.7 17903.7 17903.7 17903.71 17903.72 17903.73 17903.75 17903.77 17903.76 
17903.71 17903.72 17903.73 17903.75 17903.75 17903.74 17903.72 17903.71 17903.7 17903.69 17903.67 17903.66 17903.69 17903.71 17903.72 17903.72 17903.72 17903.72 17903.72 17903.72 17903.72 17903.72 17903.71 17903.71 17903.71 17903.72 17903.72 17903.73 17903.74 17903.75 
17903.7 17903.71 17903.74 17903.77 17903.78 17903.76 17903.72 17903.71 17903.7 17903.69 17903.67 17903.66 17903.69 17903.71 17903.72 17903.74 17903.76 17903.76 17903.73 17903.73 17903.75 17903.74 17903.74 17903.73 17903.72 17903.72 17903.72 17903.72 17903.72 17903.72 
17903.7 17903.7 17903.72 17903.74 17903.75 17903.73 17903.71 17903.71 17903.71 17903.71 17903.72 17903.72 17903.72 17903.72 17903.72 17903.74 17903.76 17903.78 17903.79 17903.79 17903.77 17903.74 17903.75 17903.78 17903.79 17903.79 17903.78 17903.77 17903.76 17903.74 
17903.71 17903.71 17903.72 17903.71 17903.73 17903.72 17903.69 17903.74 17903.7 17903.73 17903.71 17903.71 17903.72 17903.72 17903.72 17903.71 17903.72 17903.74 17903.77 17903.8 17903.74 17903.7 17903.73 17903.75 17903.81 17903.79 17903.77 17903.78 17903.74 17903.74 
