source/monthly_radiation/monthlyradiation12.txt
ncols         30
nrows         30
xllcorner     308214.21450703
yllcorner     6373026.5642768
cellsize      10
NODATA_value  -9999
1257.521 1257.522 1257.52 1257.521 1257.523 1257.52 1257.523 1257.52 1257.523 1257.522 1257.522 1257.522 1257.521 1257.523 1257.521 1257.53 1257.527 1257.527 1257.523 1257.523 1257.521 1257.522 1257.521 1257.521 1257.523 1257.521 1257.522 1257.523 1257.523 1257.524 
1257.518 1257.517 1257.517 1257.518 1257.519 1257.519 1257.52 1257.521 1257.522 1257.521 1257.521 1257.521 1257.521 1257.521 1257.524 1257.528 1257.528 1257.526 1257.524 1257.522 1257.522 1257.522 1257.522 1257.522 1257.522 1257.522 1257.522 1257.523 1257.524 1257.524 
1257.518 1257.517 1257.517 1257.518 1257.519 1257.519 1257.52 1257.521 1257.522 1257.521 1257.52 1257.52 1257.521 1257.522 1257.522 1257.521 1257.522 1257.523 1257.525 1257.524 1257.521 1257.52 1257.519 1257.519 1257.519 1257.52 1257.521 1257.522 1257.522 1257.523 
1257.521 1257.521 1257.521 1257.521 1257.521 1257.521 1257.522 1257.522 1257.522 1257.522 1257.521 1257.521 1257.521 1257.52 1257.52 1257.522 1257.525 1257.527 1257.526 1257.524 1257.522 1257.52 1257.519 1257.519 1257.519 1257.52 1257.521 1257.521 1257.522 1257.523 
1257.522 1257.523 1257.523 1257.524 1257.524 1257.523 1257.523 1257.521 1257.521 1257.521 1257.521 1257.521 1257.521 1257.52 1257.52 1257.522 1257.525 1257.525 1257.523 1257.522 1257.522 1257.522 1257.522 1257.522 1257.522 1257.522 1257.522 1257.521 1257.521 1257.521 
1257.523 1257.523 1257.523 1257.524 1257.525 1257.525 1257.524 1257.521 1257.521 1257.521 1257.52 1257.518 1257.515 1257.513 1257.51 1257.508 1257.508 1257.51 1257.515 1257.519 1257.52 1257.519 1257.517 1257.518 1257.519 1257.519 1257.519 1257.519 1257.518 1257.517 
1257.523 1257.522 1257.521 1257.521 1257.522 1257.523 1257.522 1257.522 1257.522 1257.522 1257.521 1257.518 1257.515 1257.513 1257.51 1257.507 1257.507 1257.51 1257.515 1257.519 1257.52 1257.519 1257.517 1257.518 1257.519 1257.519 1257.519 1257.519 1257.518 1257.517 
1257.522 1257.523 1257.523 1257.523 1257.523 1257.523 1257.522 1257.521 1257.521 1257.521 1257.522 1257.522 1257.522 1257.522 1257.522 1257.521 1257.521 1257.521 1257.522 1257.522 1257.522 1257.522 1257.522 1257.522 1257.522 1257.522 1257.522 1257.522 1257.522 1257.522 
1257.524 1257.525 1257.525 1257.525 1257.525 1257.525 1257.523 1257.521 1257.519 1257.516 1257.514 1257.512 1257.511 1257.511 1257.511 1257.511 1257.51 1257.508 1257.508 1257.51 1257.511 1257.512 1257.512 1257.512 1257.514 1257.514 1257.513 1257.51 1257.512 1257.518 
1257.523 1257.523 1257.523 1257.524 1257.523 1257.523 1257.522 1257.522 1257.52 1257.517 1257.514 1257.512 1257.511 1257.512 1257.512 1257.511 1257.51 1257.508 1257.508 1257.51 1257.511 1257.512 1257.512 1257.512 1257.514 1257.514 1257.513 1257.51 1257.51 1257.51 
1257.521 1257.522 1257.521 1257.519 1257.515 1257.513 1257.516 1257.52 1257.522 1257.522 1257.522 1257.522 1257.522 1257.522 1257.522 1257.522 1257.522 1257.522 1257.522 1257.522 1257.522 1257.522 1257.522 1257.522 1257.522 1257.522 1257.522 1257.522 1257.52 1257.519 
1257.521 1257.522 1257.521 1257.519 1257.516 1257.513 1257.514 1257.516 1257.515 1257.514 1257.516 1257.519 1257.521 1257.522 1257.521 1257.519 1257.519 1257.518 1257.518 1257.516 1257.515 1257.516 1257.517 1257.516 1257.515 1257.516 1257.52 1257.522 1257.522 1257.522 
1257.521 1257.521 1257.521 1257.521 1257.521 1257.522 1257.52 1257.517 1257.515 1257.514 1257.516 1257.519 1257.521 1257.522 1257.521 1257.519 1257.519 1257.518 1257.518 1257.516 1257.515 1257.516 1257.517 1257.516 1257.515 1257.517 1257.516 1257.525 1257.525 1257.523 
1257.525 1257.526 1257.525 1257.523 1257.521 1257.522 1257.522 1257.522 1257.522 1257.522 1257.522 1257.522 1257.522 1257.522 1257.522 1257.522 1257.522 1257.522 1257.522 1257.522 1257.522 1257.522 1257.522 1257.522 1257.522 1257.522 1257.518 1257.525 1257.525 1257.524 
1257.525 1257.526 1257.526 1257.525 1257.522 1257.52 1257.519 1257.52 1257.522 1257.523 1257.523 1257.522 1257.522 1257.522 1257.524 1257.524 1257.524 1257.524 1257.524 1257.525 1257.525 1257.524 1257.524 1257.524 1257.523 1257.523 1257.517 1257.522 1257.522 1257.523 
1257.521 1257.521 1257.523 1257.524 1257.522 1257.52 1257.519 1257.52 1257.522 1257.524 1257.526 1257.526 1257.526 1257.527 1257.53 1257.533 1257.535 1257.535 1257.535 1257.533 1257.529 1257.53 1257.533 1257.537 1257.539 1257.537 1257.526 1257.525 1257.523 1257.523 
1257.519 1257.52 1257.521 1257.521 1257.521 1257.522 1257.522 1257.522 1257.522 1257.523 1257.525 1257.526 1257.526 1257.526 1257.527 1257.53 1257.532 1257.533 1257.533 1257.53 1257.527 1257.527 1257.531 1257.535 1257.538 1257.537 1257.533 1257.532 1257.531 1257.527 
1257.519 1257.521 1257.522 1257.523 1257.528 1257.529 1257.527 1257.527 1257.526 1257.524 1257.523 1257.522 1257.522 1257.522 1257.522 1257.522 1257.522 1257.522 1257.522 1257.524 1257.526 1257.524 1257.522 1257.522 1257.522 1257.522 1257.524 1257.528 1257.529 1257.526 
1257.521 1257.522 1257.522 1257.523 1257.528 1257.532 1257.532 1257.533 1257.533 1257.534 1257.533 1257.533 1257.532 1257.531 1257.528 1257.525 1257.523 1257.522 1257.523 1257.527 1257.53 1257.531 1257.529 1257.526 1257.523 1257.522 1257.522 1257.521 1257.519 1257.521 
1257.521 1257.521 1257.521 1257.521 1257.521 1257.524 1257.527 1257.528 1257.53 1257.531 1257.532 1257.533 1257.532 1257.531 1257.528 1257.525 1257.523 1257.522 1257.523 1257.525 1257.526 1257.528 1257.529 1257.527 1257.526 1257.525 1257.524 1257.521 1257.52 1257.522 
1257.522 1257.522 1257.521 1257.521 1257.522 1257.522 1257.523 1257.523 1257.523 1257.524 1257.523 1257.522 1257.522 1257.52 1257.52 1257.52 1257.521 1257.521 1257.521 1257.521 1257.521 1257.522 1257.522 1257.523 1257.525 1257.525 1257.524 1257.522 1257.522 1257.523 
1257.522 1257.522 1257.522 1257.522 1257.523 1257.523 1257.523 1257.524 1257.524 1257.525 1257.526 1257.525 1257.523 1257.52 1257.52 1257.52 1257.521 1257.521 1257.521 1257.521 1257.522 1257.521 1257.519 1257.52 1257.52 1257.52 1257.52 1257.521 1257.522 1257.522 
1257.521 1257.521 1257.522 1257.522 1257.522 1257.522 1257.522 1257.522 1257.522 1257.523 1257.524 1257.524 1257.523 1257.522 1257.522 1257.522 1257.522 1257.522 1257.522 1257.522 1257.523 1257.521 1257.518 1257.518 1257.519 1257.52 1257.52 1257.521 1257.522 1257.523 
1257.519 1257.517 1257.517 1257.517 1257.517 1257.519 1257.521 1257.522 1257.522 1257.521 1257.521 1257.52 1257.521 1257.521 1257.522 1257.522 1257.522 1257.523 1257.523 1257.522 1257.522 1257.522 1257.521 1257.52 1257.521 1257.522 1257.522 1257.522 1257.522 1257.522 
1257.518 1257.517 1257.517 1257.517 1257.517 1257.519 1257.521 1257.522 1257.522 1257.521 1257.521 1257.52 1257.521 1257.521 1257.522 1257.524 1257.525 1257.525 1257.524 1257.522 1257.521 1257.521 1257.521 1257.521 1257.521 1257.522 1257.523 1257.524 1257.524 1257.522 
1257.521 1257.521 1257.521 1257.521 1257.521 1257.521 1257.521 1257.521 1257.522 1257.522 1257.522 1257.522 1257.522 1257.522 1257.522 1257.524 1257.524 1257.524 1257.523 1257.522 1257.521 1257.521 1257.521 1257.521 1257.521 1257.522 1257.523 1257.525 1257.526 1257.526 
1257.521 1257.522 1257.523 1257.524 1257.524 1257.524 1257.522 1257.521 1257.52 1257.519 1257.517 1257.517 1257.519 1257.521 1257.522 1257.522 1257.522 1257.522 1257.522 1257.522 1257.522 1257.522 1257.521 1257.521 1257.521 1257.522 1257.522 1257.523 1257.524 1257.525 
1257.52 1257.521 1257.524 1257.527 1257.528 1257.526 1257.522 1257.521 1257.52 1257.519 1257.517 1257.517 1257.519 1257.521 1257.522 1257.524 1257.526 1257.526 1257.523 1257.523 1257.525 1257.524 1257.524 1257.523 1257.522 1257.522 1257.522 1257.522 1257.522 1257.522 
1257.52 1257.52 1257.522 1257.524 1257.525 1257.523 1257.521 1257.521 1257.522 1257.522 1257.522 1257.522 1257.522 1257.522 1257.522 1257.524 1257.526 1257.527 1257.529 1257.529 1257.526 1257.524 1257.525 1257.528 1257.529 1257.529 1257.528 1257.527 1257.525 1257.524 
1257.521 1257.521 1257.522 1257.521 1257.523 1257.522 1257.519 1257.523 1257.52 1257.523 1257.521 1257.521 1257.522 1257.522 1257.522 1257.521 1257.522 1257.524 1257.527 1257.529 1257.524 1257.52 1257.523 1257.525 1257.53 1257.528 1257.526 1257.527 1257.524 1257.524 
