source/monthly_radiation/monthlyradiation10.txt
ncols         30
nrows         30
xllcorner     308214.21450703
yllcorner     6373026.5642768
cellsize      10
NODATA_value  -9999
31811.71 31811.72 31811.7 31811.71 31811.74 31811.68 31811.75 31811.7 31811.74 31811.72 31811.72 31811.73 31811.71 31811.73 31811.7 31811.87 31811.81 31811.81 31811.73 31811.74 31811.71 31811.72 31811.71 31811.71 31811.74 31811.71 31811.73 31811.75 31811.75 31811.76 
31811.66 31811.63 31811.63 31811.65 31811.67 31811.68 31811.69 31811.71 31811.72 31811.71 31811.7 31811.71 31811.71 31811.71 31811.76 31811.82 31811.83 31811.8 31811.75 31811.72 31811.72 31811.72 31811.72 31811.72 31811.72 31811.72 31811.72 31811.74 31811.76 31811.75 
31811.66 31811.63 31811.63 31811.65 31811.67 31811.68 31811.69 31811.71 31811.72 31811.71 31811.7 31811.7 31811.71 31811.72 31811.72 31811.72 31811.72 31811.74 31811.78 31811.76 31811.71 31811.69 31811.67 31811.66 31811.67 31811.69 31811.71 31811.72 31811.73 31811.74 
31811.71 31811.71 31811.71 31811.71 31811.72 31811.72 31811.72 31811.72 31811.72 31811.72 31811.71 31811.71 31811.71 31811.7 31811.69 31811.73 31811.78 31811.81 31811.8 31811.76 31811.72 31811.69 31811.67 31811.66 31811.67 31811.69 31811.71 31811.71 31811.72 31811.74 
31811.73 31811.74 31811.74 31811.75 31811.76 31811.75 31811.74 31811.71 31811.7 31811.7 31811.7 31811.71 31811.71 31811.68 31811.68 31811.73 31811.78 31811.78 31811.74 31811.72 31811.73 31811.72 31811.72 31811.72 31811.72 31811.72 31811.72 31811.71 31811.71 31811.71 
31811.75 31811.75 31811.74 31811.75 31811.78 31811.78 31811.76 31811.71 31811.7 31811.7 31811.69 31811.66 31811.61 31811.56 31811.51 31811.47 31811.48 31811.51 31811.6 31811.67 31811.69 31811.66 31811.64 31811.66 31811.68 31811.68 31811.68 31811.68 31811.65 31811.63 
31811.74 31811.73 31811.71 31811.71 31811.73 31811.75 31811.73 31811.72 31811.72 31811.72 31811.71 31811.66 31811.61 31811.56 31811.51 31811.47 31811.47 31811.51 31811.6 31811.67 31811.69 31811.66 31811.64 31811.66 31811.68 31811.68 31811.68 31811.68 31811.65 31811.63 
31811.73 31811.75 31811.75 31811.74 31811.75 31811.74 31811.73 31811.71 31811.7 31811.71 31811.72 31811.72 31811.72 31811.72 31811.72 31811.71 31811.71 31811.71 31811.72 31811.72 31811.72 31811.72 31811.72 31811.72 31811.72 31811.72 31811.72 31811.72 31811.72 31811.72 
31811.76 31811.77 31811.78 31811.78 31811.78 31811.78 31811.75 31811.71 31811.67 31811.63 31811.58 31811.55 31811.54 31811.54 31811.54 31811.54 31811.51 31811.49 31811.49 31811.51 31811.53 31811.55 31811.55 31811.55 31811.58 31811.59 31811.56 31811.52 31811.55 31811.65 
31811.75 31811.74 31811.74 31811.75 31811.75 31811.75 31811.73 31811.72 31811.69 31811.63 31811.59 31811.55 31811.54 31811.54 31811.54 31811.54 31811.51 31811.49 31811.49 31811.51 31811.53 31811.55 31811.55 31811.55 31811.58 31811.59 31811.57 31811.52 31811.52 31811.49 
31811.71 31811.73 31811.71 31811.68 31811.61 31811.56 31811.62 31811.7 31811.72 31811.72 31811.72 31811.72 31811.72 31811.72 31811.72 31811.72 31811.72 31811.72 31811.72 31811.72 31811.72 31811.72 31811.72 31811.72 31811.72 31811.72 31811.72 31811.72 31811.69 31811.67 
31811.71 31811.73 31811.71 31811.68 31811.61 31811.56 31811.59 31811.61 31811.6 31811.59 31811.61 31811.67 31811.71 31811.72 31811.7 31811.68 31811.66 31811.66 31811.65 31811.62 31811.6 31811.62 31811.63 31811.62 31811.6 31811.62 31811.69 31811.72 31811.72 31811.72 
31811.71 31811.71 31811.71 31811.71 31811.71 31811.72 31811.69 31811.63 31811.6 31811.59 31811.61 31811.67 31811.71 31811.72 31811.7 31811.68 31811.66 31811.66 31811.65 31811.62 31811.6 31811.62 31811.63 31811.62 31811.6 31811.63 31811.61 31811.78 31811.77 31811.74 
31811.78 31811.8 31811.78 31811.74 31811.71 31811.72 31811.72 31811.72 31811.72 31811.72 31811.72 31811.72 31811.72 31811.72 31811.72 31811.72 31811.72 31811.72 31811.72 31811.72 31811.72 31811.72 31811.72 31811.72 31811.72 31811.73 31811.64 31811.78 31811.78 31811.75 
31811.78 31811.8 31811.8 31811.78 31811.73 31811.68 31811.68 31811.69 31811.72 31811.75 31811.74 31811.72 31811.72 31811.73 31811.76 31811.76 31811.75 31811.75 31811.75 31811.77 31811.77 31811.76 31811.77 31811.75 31811.74 31811.73 31811.61 31811.72 31811.73 31811.73 
31811.71 31811.71 31811.74 31811.76 31811.73 31811.68 31811.68 31811.69 31811.72 31811.76 31811.79 31811.79 31811.79 31811.81 31811.86 31811.91 31811.94 31811.96 31811.95 31811.91 31811.85 31811.85 31811.92 31811.99 31812.03 31811.99 31811.78 31811.78 31811.74 31811.74 
31811.68 31811.7 31811.71 31811.71 31811.71 31811.72 31811.72 31811.72 31811.72 31811.73 31811.77 31811.79 31811.79 31811.8 31811.82 31811.86 31811.91 31811.92 31811.92 31811.86 31811.8 31811.81 31811.88 31811.96 31812 31811.98 31811.92 31811.89 31811.88 31811.81 
31811.68 31811.71 31811.73 31811.75 31811.84 31811.85 31811.8 31811.81 31811.79 31811.76 31811.74 31811.72 31811.72 31811.72 31811.72 31811.72 31811.72 31811.72 31811.72 31811.76 31811.8 31811.76 31811.72 31811.72 31811.72 31811.72 31811.75 31811.83 31811.85 31811.79 
31811.71 31811.72 31811.72 31811.75 31811.84 31811.89 31811.9 31811.91 31811.92 31811.93 31811.92 31811.91 31811.89 31811.87 31811.83 31811.78 31811.74 31811.72 31811.75 31811.81 31811.86 31811.88 31811.85 31811.79 31811.74 31811.72 31811.72 31811.7 31811.68 31811.7 
31811.71 31811.71 31811.71 31811.71 31811.71 31811.76 31811.81 31811.82 31811.86 31811.88 31811.9 31811.91 31811.89 31811.87 31811.83 31811.78 31811.74 31811.72 31811.75 31811.77 31811.79 31811.84 31811.85 31811.81 31811.79 31811.78 31811.75 31811.71 31811.69 31811.72 
31811.73 31811.72 31811.71 31811.71 31811.72 31811.73 31811.74 31811.75 31811.75 31811.76 31811.74 31811.73 31811.72 31811.7 31811.69 31811.7 31811.7 31811.71 31811.7 31811.7 31811.71 31811.72 31811.72 31811.74 31811.77 31811.78 31811.75 31811.73 31811.73 31811.74 
31811.72 31811.72 31811.72 31811.73 31811.74 31811.74 31811.75 31811.76 31811.77 31811.78 31811.79 31811.77 31811.73 31811.7 31811.69 31811.7 31811.7 31811.71 31811.7 31811.71 31811.73 31811.71 31811.68 31811.68 31811.69 31811.68 31811.68 31811.7 31811.73 31811.73 
31811.71 31811.71 31811.72 31811.73 31811.73 31811.73 31811.73 31811.73 31811.73 31811.74 31811.76 31811.76 31811.73 31811.72 31811.72 31811.72 31811.72 31811.72 31811.72 31811.72 31811.74 31811.71 31811.66 31811.65 31811.68 31811.68 31811.68 31811.7 31811.73 31811.74 
31811.67 31811.64 31811.64 31811.63 31811.64 31811.68 31811.71 31811.72 31811.72 31811.71 31811.7 31811.7 31811.7 31811.71 31811.72 31811.72 31811.73 31811.75 31811.74 31811.72 31811.72 31811.72 31811.7 31811.69 31811.7 31811.72 31811.72 31811.72 31811.73 31811.73 
31811.66 31811.64 31811.64 31811.63 31811.64 31811.68 31811.71 31811.72 31811.72 31811.71 31811.7 31811.7 31811.7 31811.71 31811.73 31811.75 31811.77 31811.78 31811.76 31811.73 31811.71 31811.7 31811.7 31811.71 31811.71 31811.72 31811.74 31811.75 31811.75 31811.73 
31811.7 31811.71 31811.71 31811.71 31811.71 31811.72 31811.72 31811.72 31811.72 31811.72 31811.72 31811.72 31811.72 31811.72 31811.73 31811.75 31811.76 31811.75 31811.73 31811.72 31811.71 31811.7 31811.7 31811.7 31811.71 31811.73 31811.75 31811.77 31811.8 31811.79 
31811.71 31811.72 31811.75 31811.77 31811.77 31811.76 31811.73 31811.71 31811.69 31811.67 31811.64 31811.63 31811.67 31811.71 31811.72 31811.72 31811.72 31811.72 31811.72 31811.72 31811.72 31811.72 31811.71 31811.71 31811.71 31811.72 31811.73 31811.74 31811.76 31811.78 
31811.69 31811.7 31811.76 31811.81 31811.83 31811.79 31811.73 31811.71 31811.69 31811.67 31811.64 31811.63 31811.67 31811.71 31811.73 31811.76 31811.79 31811.79 31811.74 31811.75 31811.77 31811.76 31811.76 31811.74 31811.72 31811.73 31811.73 31811.73 31811.72 31811.72 
31811.69 31811.7 31811.73 31811.76 31811.78 31811.74 31811.72 31811.72 31811.72 31811.72 31811.72 31811.72 31811.72 31811.72 31811.73 31811.76 31811.79 31811.82 31811.84 31811.85 31811.8 31811.76 31811.78 31811.82 31811.84 31811.84 31811.82 31811.81 31811.78 31811.75 
31811.7 31811.71 31811.73 31811.71 31811.74 31811.73 31811.68 31811.75 31811.68 31811.74 31811.71 31811.71 31811.72 31811.72 31811.72 31811.71 31811.73 31811.76 31811.81 31811.85 31811.75 31811.69 31811.74 31811.77 31811.87 31811.83 31811.8 31811.81 31811.76 31811.75 
