source/monthly_radiation/monthlyradiation3.txt
ncols         30
nrows         30
xllcorner     308214.21450703
yllcorner     6373026.5642768
cellsize      10
NODATA_value  -9999
64972.07 64972.09 64972.05 64972.07 64972.13 64972.03 64972.14 64972.05 64972.12 64972.09 64972.09 64972.11 64972.07 64972.11 64972.06 64972.34 64972.24 64972.24 64972.11 64972.13 64972.08 64972.1 64972.07 64972.08 64972.12 64972.07 64972.11 64972.14 64972.14 64972.16 
64971.99 64971.95 64971.95 64971.97 64972 64972.02 64972.04 64972.07 64972.09 64972.07 64972.06 64972.07 64972.07 64972.08 64972.16 64972.26 64972.27 64972.22 64972.14 64972.09 64972.09 64972.09 64972.09 64972.09 64972.09 64972.09 64972.1 64972.13 64972.15 64972.14 
64971.99 64971.95 64971.95 64971.97 64972 64972.02 64972.04 64972.07 64972.09 64972.07 64972.05 64972.05 64972.07 64972.09 64972.09 64972.09 64972.09 64972.13 64972.19 64972.15 64972.08 64972.04 64972.01 64972 64972.01 64972.04 64972.07 64972.09 64972.11 64972.13 
64972.08 64972.08 64972.08 64972.08 64972.09 64972.09 64972.09 64972.09 64972.09 64972.09 64972.08 64972.07 64972.07 64972.05 64972.04 64972.11 64972.2 64972.24 64972.22 64972.16 64972.1 64972.04 64972.01 64972 64972.01 64972.04 64972.07 64972.08 64972.09 64972.12 
64972.1 64972.12 64972.12 64972.15 64972.16 64972.14 64972.12 64972.08 64972.06 64972.06 64972.06 64972.08 64972.07 64972.03 64972.03 64972.11 64972.2 64972.2 64972.13 64972.1 64972.11 64972.1 64972.09 64972.09 64972.09 64972.09 64972.09 64972.08 64972.07 64972.08 
64972.14 64972.14 64972.12 64972.15 64972.18 64972.2 64972.15 64972.08 64972.06 64972.06 64972.04 64971.98 64971.9 64971.83 64971.74 64971.68 64971.69 64971.75 64971.89 64972.02 64972.04 64972 64971.96 64971.99 64972.02 64972.02 64972.02 64972.02 64971.97 64971.95 
64972.12 64972.1 64972.08 64972.08 64972.11 64972.14 64972.11 64972.09 64972.09 64972.09 64972.07 64972 64971.9 64971.83 64971.74 64971.68 64971.68 64971.74 64971.89 64972.02 64972.04 64972 64971.96 64971.99 64972.02 64972.02 64972.02 64972.02 64971.97 64971.95 
64972.1 64972.14 64972.14 64972.13 64972.14 64972.13 64972.11 64972.08 64972.06 64972.08 64972.09 64972.09 64972.09 64972.09 64972.09 64972.08 64972.07 64972.08 64972.09 64972.09 64972.09 64972.09 64972.09 64972.09 64972.09 64972.09 64972.09 64972.09 64972.09 64972.09 
64972.16 64972.18 64972.18 64972.2 64972.19 64972.18 64972.14 64972.08 64972.01 64971.94 64971.87 64971.8 64971.79 64971.79 64971.79 64971.79 64971.75 64971.7 64971.7 64971.74 64971.78 64971.8 64971.8 64971.82 64971.85 64971.87 64971.84 64971.76 64971.81 64971.98 
64972.14 64972.12 64972.13 64972.15 64972.14 64972.14 64972.11 64972.09 64972.04 64971.95 64971.87 64971.8 64971.79 64971.8 64971.8 64971.79 64971.75 64971.71 64971.71 64971.74 64971.78 64971.81 64971.81 64971.82 64971.86 64971.87 64971.84 64971.76 64971.76 64971.69 
64972.08 64972.1 64972.07 64972.02 64971.91 64971.83 64971.92 64972.05 64972.09 64972.09 64972.09 64972.09 64972.09 64972.09 64972.09 64972.09 64972.09 64972.09 64972.09 64972.09 64972.09 64972.09 64972.09 64972.09 64972.09 64972.09 64972.09 64972.09 64972.05 64972 
64972.08 64972.1 64972.07 64972.02 64971.91 64971.83 64971.88 64971.91 64971.89 64971.88 64971.91 64972.02 64972.08 64972.09 64972.06 64972.02 64972 64971.99 64971.97 64971.93 64971.89 64971.92 64971.95 64971.93 64971.89 64971.93 64972.04 64972.09 64972.09 64972.09 
64972.08 64972.08 64972.08 64972.08 64972.09 64972.09 64972.04 64971.95 64971.89 64971.88 64971.91 64972.02 64972.08 64972.09 64972.06 64972.02 64972 64971.99 64971.97 64971.93 64971.89 64971.92 64971.95 64971.93 64971.89 64971.94 64971.88 64972.18 64972.18 64972.12 
64972.19 64972.23 64972.19 64972.12 64972.09 64972.09 64972.09 64972.09 64972.09 64972.09 64972.09 64972.09 64972.09 64972.09 64972.09 64972.09 64972.09 64972.09 64972.09 64972.09 64972.09 64972.09 64972.09 64972.09 64972.09 64972.1 64971.94 64972.18 64972.18 64972.14 
64972.19 64972.23 64972.23 64972.19 64972.1 64972.03 64972.02 64972.04 64972.09 64972.13 64972.12 64972.09 64972.09 64972.11 64972.15 64972.16 64972.14 64972.14 64972.14 64972.17 64972.18 64972.16 64972.16 64972.15 64972.13 64972.11 64971.89 64972.09 64972.1 64972.11 
64972.08 64972.08 64972.12 64972.16 64972.1 64972.03 64972.02 64972.04 64972.09 64972.16 64972.2 64972.2 64972.21 64972.25 64972.32 64972.4 64972.46 64972.48 64972.48 64972.4 64972.31 64972.31 64972.42 64972.54 64972.6 64972.54 64972.17 64972.19 64972.13 64972.13 
64972.03 64972.05 64972.08 64972.08 64972.09 64972.09 64972.09 64972.09 64972.09 64972.12 64972.17 64972.2 64972.21 64972.23 64972.25 64972.33 64972.4 64972.43 64972.42 64972.32 64972.23 64972.25 64972.35 64972.48 64972.56 64972.52 64972.42 64972.38 64972.35 64972.24 
64972.03 64972.07 64972.1 64972.14 64972.29 64972.3 64972.23 64972.23 64972.2 64972.16 64972.13 64972.09 64972.09 64972.09 64972.09 64972.09 64972.09 64972.09 64972.09 64972.15 64972.22 64972.16 64972.09 64972.09 64972.09 64972.09 64972.14 64972.27 64972.31 64972.2 
64972.08 64972.1 64972.1 64972.14 64972.29 64972.38 64972.39 64972.41 64972.43 64972.44 64972.43 64972.41 64972.38 64972.34 64972.28 64972.19 64972.13 64972.1 64972.13 64972.25 64972.33 64972.35 64972.31 64972.21 64972.12 64972.09 64972.09 64972.05 64972.02 64972.05 
64972.08 64972.08 64972.08 64972.08 64972.08 64972.16 64972.24 64972.26 64972.32 64972.36 64972.39 64972.41 64972.38 64972.34 64972.28 64972.19 64972.13 64972.1 64972.13 64972.18 64972.2 64972.28 64972.31 64972.25 64972.21 64972.18 64972.14 64972.07 64972.04 64972.09 
64972.1 64972.09 64972.08 64972.08 64972.09 64972.1 64972.12 64972.14 64972.14 64972.15 64972.13 64972.11 64972.09 64972.05 64972.04 64972.05 64972.06 64972.07 64972.06 64972.06 64972.08 64972.09 64972.09 64972.13 64972.18 64972.18 64972.14 64972.11 64972.11 64972.13 
64972.1 64972.09 64972.09 64972.11 64972.12 64972.12 64972.14 64972.16 64972.17 64972.2 64972.21 64972.18 64972.11 64972.05 64972.04 64972.05 64972.06 64972.07 64972.06 64972.07 64972.11 64972.08 64972.02 64972.02 64972.04 64972.03 64972.03 64972.06 64972.1 64972.1 
64972.08 64972.08 64972.09 64972.11 64972.11 64972.1 64972.1 64972.1 64972.11 64972.13 64972.16 64972.16 64972.11 64972.09 64972.09 64972.09 64972.09 64972.09 64972.09 64972.1 64972.12 64972.08 64971.99 64971.97 64972.02 64972.03 64972.03 64972.06 64972.11 64972.12 
64972.01 64971.96 64971.95 64971.95 64971.96 64972.02 64972.07 64972.09 64972.09 64972.08 64972.06 64972.05 64972.06 64972.08 64972.09 64972.09 64972.11 64972.13 64972.13 64972.1 64972.09 64972.09 64972.06 64972.04 64972.06 64972.09 64972.09 64972.09 64972.1 64972.11 
64971.99 64971.95 64971.95 64971.95 64971.96 64972.02 64972.07 64972.09 64972.09 64972.08 64972.06 64972.05 64972.06 64972.08 64972.11 64972.14 64972.18 64972.19 64972.15 64972.11 64972.07 64972.05 64972.06 64972.07 64972.08 64972.1 64972.12 64972.14 64972.14 64972.11 
64972.06 64972.07 64972.08 64972.08 64972.08 64972.09 64972.09 64972.09 64972.09 64972.09 64972.09 64972.09 64972.09 64972.09 64972.11 64972.14 64972.16 64972.14 64972.12 64972.1 64972.07 64972.05 64972.05 64972.05 64972.07 64972.11 64972.14 64972.17 64972.22 64972.2 
64972.08 64972.09 64972.14 64972.16 64972.16 64972.16 64972.1 64972.07 64972.04 64972 64971.97 64971.95 64972 64972.07 64972.09 64972.09 64972.09 64972.09 64972.09 64972.09 64972.09 64972.09 64972.08 64972.07 64972.08 64972.1 64972.11 64972.12 64972.16 64972.18 
64972.04 64972.06 64972.16 64972.24 64972.27 64972.2 64972.1 64972.07 64972.04 64972 64971.97 64971.95 64972 64972.07 64972.11 64972.16 64972.21 64972.2 64972.13 64972.13 64972.17 64972.15 64972.16 64972.13 64972.1 64972.11 64972.11 64972.11 64972.1 64972.09 
64972.04 64972.05 64972.1 64972.16 64972.18 64972.13 64972.09 64972.09 64972.09 64972.09 64972.09 64972.09 64972.09 64972.09 64972.11 64972.16 64972.21 64972.25 64972.29 64972.3 64972.23 64972.15 64972.19 64972.25 64972.29 64972.29 64972.27 64972.24 64972.19 64972.14 
64972.07 64972.08 64972.11 64972.07 64972.13 64972.1 64972.02 64972.14 64972.03 64972.12 64972.07 64972.07 64972.09 64972.09 64972.09 64972.07 64972.11 64972.16 64972.23 64972.31 64972.14 64972.04 64972.13 64972.17 64972.34 64972.28 64972.23 64972.25 64972.15 64972.14 
