source/monthly_radiation/monthlyradiation1.txt
ncols         30
nrows         30
xllcorner     308214.21450703
yllcorner     6373026.5642768
cellsize      10
NODATA_value  -9999
3334.312 3334.313 3334.31 3334.311 3334.317 3334.308 3334.318 3334.31 3334.316 3334.313 3334.313 3334.315 3334.312 3334.315 3334.311 3334.334 3334.326 3334.326 3334.315 3334.316 3334.313 3334.314 3334.312 3334.313 3334.316 3334.312 3334.315 3334.317 3334.317 3334.32 
3334.305 3334.301 3334.301 3334.303 3334.306 3334.307 3334.309 3334.311 3334.313 3334.312 3334.311 3334.312 3334.312 3334.312 3334.319 3334.328 3334.329 3334.325 3334.318 3334.313 3334.313 3334.313 3334.313 3334.313 3334.313 3334.313 3334.314 3334.317 3334.319 3334.318 
3334.305 3334.301 3334.301 3334.303 3334.306 3334.307 3334.309 3334.311 3334.313 3334.312 3334.31 3334.31 3334.312 3334.314 3334.314 3334.313 3334.313 3334.317 3334.322 3334.319 3334.313 3334.309 3334.306 3334.305 3334.306 3334.309 3334.312 3334.313 3334.315 3334.317 
3334.313 3334.313 3334.313 3334.313 3334.313 3334.313 3334.313 3334.313 3334.313 3334.313 3334.312 3334.312 3334.312 3334.31 3334.309 3334.314 3334.322 3334.326 3334.325 3334.32 3334.314 3334.309 3334.306 3334.306 3334.306 3334.309 3334.312 3334.313 3334.313 3334.316 
3334.314 3334.316 3334.316 3334.318 3334.319 3334.318 3334.316 3334.312 3334.311 3334.311 3334.311 3334.312 3334.312 3334.308 3334.308 3334.314 3334.322 3334.322 3334.316 3334.314 3334.315 3334.314 3334.313 3334.313 3334.313 3334.313 3334.313 3334.313 3334.312 3334.313 
3334.317 3334.317 3334.316 3334.318 3334.321 3334.322 3334.318 3334.312 3334.311 3334.311 3334.309 3334.304 3334.297 3334.291 3334.283 3334.279 3334.279 3334.284 3334.296 3334.307 3334.309 3334.305 3334.302 3334.305 3334.307 3334.307 3334.307 3334.307 3334.303 3334.301 
3334.316 3334.314 3334.313 3334.313 3334.315 3334.317 3334.315 3334.313 3334.313 3334.313 3334.312 3334.305 3334.298 3334.291 3334.283 3334.278 3334.278 3334.283 3334.296 3334.307 3334.309 3334.306 3334.302 3334.305 3334.307 3334.307 3334.307 3334.307 3334.303 3334.301 
3334.314 3334.317 3334.317 3334.317 3334.317 3334.317 3334.315 3334.312 3334.311 3334.312 3334.313 3334.313 3334.313 3334.313 3334.313 3334.313 3334.312 3334.313 3334.313 3334.313 3334.313 3334.313 3334.313 3334.313 3334.313 3334.313 3334.313 3334.313 3334.313 3334.313 
3334.319 3334.32 3334.321 3334.322 3334.322 3334.321 3334.317 3334.312 3334.307 3334.301 3334.294 3334.289 3334.287 3334.288 3334.288 3334.287 3334.284 3334.28 3334.28 3334.283 3334.287 3334.289 3334.289 3334.29 3334.293 3334.295 3334.292 3334.285 3334.289 3334.304 
3334.317 3334.316 3334.316 3334.318 3334.317 3334.317 3334.315 3334.313 3334.309 3334.302 3334.294 3334.289 3334.288 3334.288 3334.288 3334.288 3334.284 3334.281 3334.281 3334.284 3334.287 3334.289 3334.289 3334.29 3334.293 3334.295 3334.292 3334.286 3334.286 3334.283 
3334.313 3334.314 3334.312 3334.307 3334.298 3334.291 3334.299 3334.31 3334.313 3334.313 3334.313 3334.313 3334.313 3334.313 3334.313 3334.313 3334.313 3334.313 3334.313 3334.313 3334.313 3334.313 3334.314 3334.314 3334.314 3334.314 3334.314 3334.314 3334.31 3334.306 
3334.313 3334.314 3334.312 3334.307 3334.298 3334.291 3334.295 3334.298 3334.297 3334.295 3334.298 3334.307 3334.313 3334.313 3334.311 3334.307 3334.306 3334.305 3334.303 3334.299 3334.296 3334.299 3334.301 3334.3 3334.296 3334.3 3334.309 3334.314 3334.314 3334.314 
3334.313 3334.313 3334.313 3334.313 3334.313 3334.313 3334.309 3334.302 3334.297 3334.295 3334.299 3334.307 3334.313 3334.313 3334.311 3334.307 3334.306 3334.305 3334.303 3334.3 3334.296 3334.299 3334.301 3334.3 3334.297 3334.301 3334.3 3334.322 3334.321 3334.316 
3334.322 3334.325 3334.322 3334.316 3334.313 3334.313 3334.313 3334.313 3334.313 3334.313 3334.313 3334.313 3334.313 3334.313 3334.313 3334.313 3334.313 3334.313 3334.313 3334.313 3334.314 3334.314 3334.314 3334.314 3334.314 3334.315 3334.304 3334.322 3334.322 3334.318 
3334.322 3334.325 3334.325 3334.322 3334.314 3334.308 3334.307 3334.309 3334.313 3334.317 3334.316 3334.313 3334.313 3334.315 3334.319 3334.32 3334.318 3334.318 3334.318 3334.321 3334.321 3334.319 3334.32 3334.318 3334.317 3334.315 3334.3 3334.314 3334.314 3334.315 
3334.313 3334.313 3334.316 3334.319 3334.314 3334.308 3334.307 3334.309 3334.313 3334.32 3334.323 3334.323 3334.323 3334.327 3334.333 3334.34 3334.345 3334.347 3334.346 3334.34 3334.332 3334.333 3334.342 3334.352 3334.357 3334.352 3334.324 3334.322 3334.317 3334.317 
3334.308 3334.31 3334.313 3334.313 3334.313 3334.313 3334.313 3334.313 3334.313 3334.316 3334.32 3334.323 3334.323 3334.325 3334.327 3334.333 3334.34 3334.342 3334.341 3334.333 3334.325 3334.327 3334.335 3334.347 3334.353 3334.35 3334.342 3334.338 3334.335 3334.326 
3334.308 3334.312 3334.314 3334.317 3334.33 3334.332 3334.325 3334.326 3334.323 3334.32 3334.316 3334.313 3334.313 3334.313 3334.313 3334.313 3334.313 3334.313 3334.313 3334.319 3334.324 3334.319 3334.313 3334.313 3334.313 3334.313 3334.318 3334.329 3334.332 3334.323 
3334.313 3334.314 3334.314 3334.317 3334.33 3334.338 3334.339 3334.34 3334.342 3334.343 3334.342 3334.341 3334.338 3334.335 3334.33 3334.322 3334.316 3334.314 3334.317 3334.327 3334.334 3334.335 3334.332 3334.323 3334.316 3334.313 3334.313 3334.31 3334.307 3334.311 
3334.313 3334.313 3334.313 3334.313 3334.313 3334.319 3334.326 3334.328 3334.333 3334.336 3334.339 3334.34 3334.338 3334.335 3334.33 3334.322 3334.316 3334.314 3334.317 3334.321 3334.323 3334.33 3334.332 3334.327 3334.324 3334.321 3334.318 3334.312 3334.309 3334.314 
3334.314 3334.313 3334.313 3334.313 3334.313 3334.314 3334.316 3334.318 3334.318 3334.318 3334.317 3334.315 3334.313 3334.31 3334.309 3334.31 3334.311 3334.312 3334.311 3334.311 3334.313 3334.313 3334.313 3334.316 3334.321 3334.321 3334.318 3334.315 3334.315 3334.317 
3334.314 3334.313 3334.313 3334.315 3334.316 3334.316 3334.317 3334.319 3334.32 3334.322 3334.323 3334.321 3334.315 3334.31 3334.309 3334.31 3334.311 3334.312 3334.311 3334.312 3334.315 3334.313 3334.307 3334.308 3334.31 3334.308 3334.308 3334.311 3334.314 3334.314 
3334.313 3334.313 3334.313 3334.315 3334.315 3334.314 3334.314 3334.314 3334.315 3334.317 3334.319 3334.319 3334.315 3334.313 3334.313 3334.313 3334.313 3334.313 3334.313 3334.314 3334.316 3334.313 3334.305 3334.303 3334.307 3334.308 3334.308 3334.311 3334.315 3334.316 
3334.306 3334.302 3334.302 3334.301 3334.302 3334.307 3334.311 3334.314 3334.314 3334.312 3334.311 3334.31 3334.311 3334.312 3334.313 3334.313 3334.315 3334.317 3334.316 3334.314 3334.313 3334.313 3334.311 3334.309 3334.311 3334.313 3334.313 3334.313 3334.314 3334.315 
3334.305 3334.302 3334.302 3334.301 3334.302 3334.307 3334.311 3334.314 3334.314 3334.312 3334.311 3334.31 3334.311 3334.312 3334.315 3334.318 3334.321 3334.322 3334.319 3334.315 3334.312 3334.31 3334.311 3334.312 3334.313 3334.314 3334.316 3334.318 3334.318 3334.315 
3334.311 3334.312 3334.313 3334.313 3334.313 3334.313 3334.313 3334.313 3334.313 3334.313 3334.313 3334.313 3334.313 3334.313 3334.315 3334.318 3334.319 3334.318 3334.316 3334.314 3334.312 3334.31 3334.31 3334.31 3334.312 3334.315 3334.317 3334.321 3334.324 3334.323 
3334.313 3334.313 3334.317 3334.32 3334.32 3334.319 3334.314 3334.311 3334.309 3334.306 3334.303 3334.301 3334.306 3334.312 3334.313 3334.313 3334.313 3334.313 3334.313 3334.313 3334.313 3334.313 3334.313 3334.312 3334.313 3334.314 3334.315 3334.316 3334.32 3334.321 
3334.309 3334.311 3334.319 3334.326 3334.328 3334.323 3334.314 3334.311 3334.309 3334.306 3334.303 3334.301 3334.306 3334.312 3334.315 3334.319 3334.324 3334.323 3334.316 3334.317 3334.32 3334.319 3334.319 3334.317 3334.314 3334.315 3334.315 3334.315 3334.314 3334.313 
3334.309 3334.31 3334.314 3334.319 3334.321 3334.317 3334.313 3334.313 3334.313 3334.313 3334.313 3334.313 3334.313 3334.313 3334.315 3334.319 3334.324 3334.327 3334.33 3334.331 3334.325 3334.319 3334.322 3334.328 3334.331 3334.331 3334.328 3334.326 3334.322 3334.318 
3334.311 3334.313 3334.315 3334.312 3334.316 3334.314 3334.307 3334.318 3334.308 3334.316 3334.312 3334.312 3334.313 3334.313 3334.313 3334.312 3334.315 3334.319 3334.326 3334.332 3334.318 3334.309 3334.316 3334.32 3334.334 3334.33 3334.325 3334.327 3334.319 3334.318 
