source/monthly_radiation/monthlyradiation11.txt
ncols         30
nrows         30
xllcorner     308214.21450703
yllcorner     6373026.5642768
cellsize      10
NODATA_value  -9999
5662.03 5662.032 5662.027 5662.028 5662.038 5662.023 5662.039 5662.026 5662.037 5662.032 5662.032 5662.034 5662.029 5662.035 5662.027 5662.065 5662.053 5662.053 5662.036 5662.037 5662.031 5662.033 5662.029 5662.031 5662.036 5662.03 5662.035 5662.039 5662.039 5662.042 
5662.018 5662.012 5662.012 5662.016 5662.02 5662.022 5662.025 5662.029 5662.032 5662.029 5662.028 5662.029 5662.029 5662.03 5662.042 5662.055 5662.057 5662.05 5662.04 5662.032 5662.032 5662.032 5662.032 5662.032 5662.032 5662.032 5662.034 5662.037 5662.041 5662.04 
5662.019 5662.012 5662.012 5662.016 5662.02 5662.022 5662.025 5662.029 5662.032 5662.029 5662.026 5662.026 5662.029 5662.033 5662.033 5662.031 5662.032 5662.038 5662.045 5662.041 5662.031 5662.024 5662.021 5662.02 5662.021 5662.024 5662.03 5662.032 5662.035 5662.037 
5662.031 5662.031 5662.031 5662.031 5662.031 5662.031 5662.031 5662.031 5662.032 5662.032 5662.03 5662.029 5662.029 5662.026 5662.025 5662.034 5662.047 5662.053 5662.05 5662.042 5662.033 5662.026 5662.021 5662.02 5662.021 5662.024 5662.03 5662.031 5662.032 5662.036 
5662.034 5662.036 5662.036 5662.04 5662.042 5662.039 5662.037 5662.03 5662.028 5662.028 5662.028 5662.03 5662.029 5662.024 5662.024 5662.034 5662.046 5662.046 5662.037 5662.033 5662.034 5662.033 5662.032 5662.032 5662.032 5662.032 5662.032 5662.031 5662.03 5662.031 
5662.039 5662.039 5662.036 5662.04 5662.045 5662.046 5662.04 5662.03 5662.028 5662.028 5662.025 5662.018 5662.006 5661.996 5661.983 5661.976 5661.977 5661.985 5662.004 5662.022 5662.025 5662.02 5662.014 5662.018 5662.022 5662.022 5662.022 5662.022 5662.016 5662.012 
5662.036 5662.034 5662.031 5662.031 5662.035 5662.039 5662.035 5662.031 5662.032 5662.032 5662.029 5662.019 5662.006 5661.997 5661.984 5661.975 5661.975 5661.984 5662.004 5662.022 5662.025 5662.02 5662.015 5662.019 5662.022 5662.022 5662.022 5662.022 5662.016 5662.012 
5662.033 5662.039 5662.039 5662.037 5662.039 5662.038 5662.035 5662.03 5662.028 5662.03 5662.032 5662.032 5662.032 5662.032 5662.032 5662.031 5662.029 5662.031 5662.032 5662.032 5662.032 5662.032 5662.032 5662.032 5662.032 5662.032 5662.032 5662.032 5662.032 5662.032 
5662.041 5662.043 5662.045 5662.046 5662.046 5662.045 5662.039 5662.03 5662.021 5662.011 5662.001 5661.993 5661.99 5661.991 5661.992 5661.99 5661.985 5661.979 5661.979 5661.984 5661.989 5661.993 5661.993 5661.995 5662 5662.002 5661.997 5661.987 5661.993 5662.017 
5662.039 5662.036 5662.037 5662.04 5662.039 5662.039 5662.035 5662.032 5662.025 5662.013 5662.001 5661.993 5661.99 5661.992 5661.992 5661.991 5661.985 5661.979 5661.979 5661.984 5661.989 5661.993 5661.994 5661.995 5662 5662.002 5661.997 5661.987 5661.987 5661.983 
5662.031 5662.033 5662.03 5662.022 5662.007 5661.996 5662.009 5662.026 5662.032 5662.032 5662.032 5662.032 5662.032 5662.032 5662.032 5662.032 5662.032 5662.032 5662.032 5662.032 5662.032 5662.032 5662.033 5662.033 5662.033 5662.033 5662.033 5662.033 5662.026 5662.02 
5662.031 5662.033 5662.03 5662.022 5662.007 5661.996 5662.002 5662.008 5662.005 5662.003 5662.008 5662.022 5662.031 5662.032 5662.028 5662.022 5662.02 5662.019 5662.016 5662.01 5662.004 5662.008 5662.012 5662.01 5662.005 5662.01 5662.025 5662.033 5662.033 5662.033 
5662.031 5662.031 5662.031 5662.031 5662.031 5662.031 5662.025 5662.013 5662.005 5662.003 5662.008 5662.022 5662.031 5662.032 5662.028 5662.022 5662.02 5662.019 5662.016 5662.01 5662.005 5662.009 5662.013 5662.01 5662.005 5662.011 5662.009 5662.045 5662.044 5662.037 
5662.046 5662.051 5662.046 5662.036 5662.031 5662.031 5662.031 5662.032 5662.032 5662.032 5662.032 5662.032 5662.032 5662.032 5662.032 5662.032 5662.032 5662.032 5662.032 5662.032 5662.033 5662.033 5662.033 5662.033 5662.033 5662.034 5662.017 5662.045 5662.045 5662.039 
5662.046 5662.051 5662.051 5662.046 5662.034 5662.024 5662.022 5662.025 5662.032 5662.038 5662.036 5662.032 5662.032 5662.035 5662.041 5662.042 5662.04 5662.04 5662.04 5662.043 5662.044 5662.042 5662.042 5662.04 5662.038 5662.035 5662.011 5662.033 5662.034 5662.035 
5662.031 5662.031 5662.036 5662.041 5662.034 5662.024 5662.022 5662.025 5662.032 5662.042 5662.047 5662.047 5662.048 5662.053 5662.063 5662.075 5662.083 5662.086 5662.085 5662.075 5662.063 5662.063 5662.078 5662.094 5662.102 5662.094 5662.048 5662.046 5662.038 5662.038 
5662.023 5662.027 5662.031 5662.031 5662.031 5662.031 5662.031 5662.032 5662.032 5662.036 5662.043 5662.047 5662.048 5662.051 5662.055 5662.064 5662.075 5662.079 5662.077 5662.063 5662.051 5662.054 5662.067 5662.086 5662.096 5662.091 5662.078 5662.071 5662.068 5662.053 
5662.023 5662.029 5662.033 5662.039 5662.059 5662.062 5662.052 5662.052 5662.047 5662.042 5662.037 5662.032 5662.032 5662.032 5662.032 5662.032 5662.032 5662.032 5662.032 5662.041 5662.05 5662.041 5662.032 5662.032 5662.032 5662.032 5662.04 5662.058 5662.063 5662.047 
5662.031 5662.033 5662.033 5662.039 5662.059 5662.071 5662.073 5662.076 5662.078 5662.08 5662.079 5662.076 5662.072 5662.067 5662.058 5662.046 5662.037 5662.033 5662.038 5662.053 5662.065 5662.067 5662.063 5662.048 5662.036 5662.032 5662.032 5662.027 5662.022 5662.027 
5662.031 5662.031 5662.031 5662.031 5662.031 5662.041 5662.053 5662.055 5662.063 5662.069 5662.073 5662.076 5662.072 5662.067 5662.058 5662.045 5662.037 5662.033 5662.038 5662.044 5662.047 5662.059 5662.063 5662.053 5662.048 5662.045 5662.04 5662.03 5662.025 5662.032 
5662.033 5662.032 5662.031 5662.031 5662.032 5662.034 5662.036 5662.039 5662.039 5662.041 5662.038 5662.034 5662.032 5662.026 5662.025 5662.027 5662.028 5662.029 5662.028 5662.028 5662.031 5662.032 5662.032 5662.037 5662.044 5662.045 5662.04 5662.035 5662.035 5662.038 
5662.033 5662.032 5662.032 5662.035 5662.036 5662.036 5662.039 5662.042 5662.043 5662.046 5662.048 5662.044 5662.035 5662.027 5662.025 5662.027 5662.028 5662.029 5662.028 5662.029 5662.035 5662.031 5662.022 5662.023 5662.026 5662.023 5662.023 5662.028 5662.034 5662.034 
5662.031 5662.031 5662.032 5662.035 5662.035 5662.034 5662.034 5662.034 5662.035 5662.038 5662.042 5662.042 5662.035 5662.032 5662.032 5662.032 5662.032 5662.032 5662.032 5662.033 5662.036 5662.031 5662.019 5662.016 5662.022 5662.023 5662.023 5662.028 5662.035 5662.036 
5662.021 5662.014 5662.013 5662.012 5662.015 5662.022 5662.029 5662.033 5662.033 5662.03 5662.028 5662.026 5662.028 5662.03 5662.032 5662.032 5662.034 5662.038 5662.037 5662.033 5662.032 5662.032 5662.028 5662.025 5662.028 5662.032 5662.032 5662.032 5662.034 5662.035 
5662.018 5662.013 5662.013 5662.012 5662.015 5662.022 5662.029 5662.033 5662.033 5662.03 5662.028 5662.026 5662.028 5662.03 5662.034 5662.04 5662.044 5662.046 5662.041 5662.035 5662.029 5662.027 5662.028 5662.03 5662.031 5662.034 5662.036 5662.04 5662.04 5662.035 
5662.028 5662.03 5662.031 5662.031 5662.031 5662.031 5662.031 5662.031 5662.031 5662.031 5662.032 5662.032 5662.032 5662.032 5662.034 5662.039 5662.042 5662.039 5662.036 5662.033 5662.029 5662.027 5662.027 5662.027 5662.03 5662.035 5662.039 5662.043 5662.05 5662.047 
5662.031 5662.032 5662.039 5662.042 5662.042 5662.041 5662.034 5662.029 5662.025 5662.02 5662.015 5662.013 5662.021 5662.029 5662.032 5662.032 5662.032 5662.032 5662.032 5662.032 5662.032 5662.032 5662.031 5662.03 5662.031 5662.033 5662.035 5662.036 5662.042 5662.045 
5662.024 5662.028 5662.041 5662.052 5662.056 5662.047 5662.034 5662.029 5662.025 5662.02 5662.015 5662.013 5662.021 5662.029 5662.034 5662.042 5662.049 5662.047 5662.037 5662.038 5662.043 5662.041 5662.041 5662.037 5662.033 5662.035 5662.035 5662.035 5662.034 5662.032 
5662.024 5662.027 5662.033 5662.041 5662.044 5662.037 5662.031 5662.031 5662.031 5662.031 5662.032 5662.032 5662.032 5662.032 5662.034 5662.042 5662.049 5662.054 5662.06 5662.061 5662.051 5662.041 5662.046 5662.055 5662.06 5662.06 5662.056 5662.052 5662.046 5662.04 
5662.028 5662.031 5662.035 5662.03 5662.037 5662.034 5662.022 5662.039 5662.024 5662.037 5662.029 5662.029 5662.032 5662.032 5662.032 5662.029 5662.034 5662.042 5662.052 5662.062 5662.04 5662.024 5662.037 5662.043 5662.066 5662.059 5662.051 5662.053 5662.041 5662.04 
