source/monthly_radiation/monthlyradiation9.txt
ncols         30
nrows         30
xllcorner     308214.21450703
yllcorner     6373026.5642768
cellsize      10
NODATA_value  -9999
84988.6 84988.62 84988.58 84988.59 84988.66 84988.55 84988.68 84988.57 84988.66 84988.62 84988.62 84988.63 84988.59 84988.65 84988.58 84988.9 84988.8 84988.8 84988.65 84988.66 84988.61 84988.63 84988.59 84988.61 84988.65 84988.6 84988.64 84988.67 84988.67 84988.7 
84988.51 84988.45 84988.45 84988.48 84988.52 84988.54 84988.56 84988.59 84988.62 84988.59 84988.59 84988.59 84988.59 84988.6 84988.7 84988.81 84988.83 84988.77 84988.68 84988.62 84988.62 84988.62 84988.62 84988.62 84988.62 84988.62 84988.63 84988.66 84988.7 84988.68 
84988.51 84988.45 84988.45 84988.48 84988.52 84988.54 84988.56 84988.59 84988.62 84988.59 84988.57 84988.57 84988.59 84988.63 84988.63 84988.62 84988.62 84988.66 84988.73 84988.69 84988.61 84988.55 84988.52 84988.52 84988.52 84988.55 84988.6 84988.62 84988.64 84988.66 
84988.61 84988.61 84988.61 84988.61 84988.61 84988.61 84988.62 84988.62 84988.62 84988.62 84988.6 84988.59 84988.59 84988.57 84988.56 84988.63 84988.74 84988.8 84988.77 84988.7 84988.63 84988.56 84988.52 84988.52 84988.52 84988.55 84988.6 84988.61 84988.62 84988.65 
84988.63 84988.66 84988.66 84988.69 84988.7 84988.68 84988.66 84988.6 84988.59 84988.59 84988.59 84988.6 84988.59 84988.55 84988.55 84988.63 84988.74 84988.74 84988.66 84988.63 84988.64 84988.63 84988.62 84988.62 84988.62 84988.62 84988.62 84988.61 84988.6 84988.61 
84988.67 84988.67 84988.66 84988.69 84988.73 84988.74 84988.69 84988.6 84988.59 84988.59 84988.56 84988.5 84988.41 84988.32 84988.21 84988.15 84988.16 84988.23 84988.38 84988.53 84988.56 84988.52 84988.47 84988.5 84988.54 84988.54 84988.54 84988.54 84988.48 84988.45 
84988.66 84988.63 84988.61 84988.61 84988.64 84988.67 84988.65 84988.62 84988.62 84988.62 84988.59 84988.51 84988.41 84988.32 84988.22 84988.14 84988.14 84988.22 84988.38 84988.53 84988.56 84988.52 84988.47 84988.5 84988.54 84988.54 84988.54 84988.54 84988.48 84988.45 
84988.63 84988.67 84988.67 84988.66 84988.67 84988.66 84988.65 84988.6 84988.59 84988.6 84988.62 84988.62 84988.62 84988.62 84988.62 84988.61 84988.59 84988.61 84988.62 84988.62 84988.62 84988.62 84988.62 84988.62 84988.62 84988.62 84988.62 84988.62 84988.62 84988.62 
84988.7 84988.72 84988.73 84988.73 84988.73 84988.73 84988.67 84988.6 84988.53 84988.45 84988.36 84988.29 84988.27 84988.28 84988.28 84988.27 84988.23 84988.17 84988.17 84988.22 84988.26 84988.29 84988.3 84988.3 84988.34 84988.37 84988.33 84988.24 84988.3 84988.49 
84988.67 84988.66 84988.66 84988.69 84988.67 84988.67 84988.64 84988.62 84988.56 84988.46 84988.37 84988.29 84988.27 84988.28 84988.28 84988.27 84988.23 84988.18 84988.18 84988.22 84988.27 84988.3 84988.3 84988.3 84988.35 84988.37 84988.33 84988.24 84988.24 84988.14 
84988.61 84988.63 84988.6 84988.54 84988.41 84988.32 84988.42 84988.57 84988.62 84988.62 84988.62 84988.62 84988.62 84988.62 84988.62 84988.62 84988.62 84988.62 84988.62 84988.62 84988.62 84988.62 84988.63 84988.63 84988.63 84988.63 84988.63 84988.63 84988.57 84988.52 
84988.61 84988.63 84988.6 84988.54 84988.41 84988.32 84988.38 84988.41 84988.39 84988.38 84988.41 84988.53 84988.61 84988.62 84988.59 84988.53 84988.52 84988.5 84988.48 84988.43 84988.39 84988.42 84988.45 84988.43 84988.39 84988.43 84988.55 84988.63 84988.63 84988.63 
84988.61 84988.61 84988.61 84988.61 84988.61 84988.62 84988.56 84988.46 84988.4 84988.38 84988.42 84988.53 84988.61 84988.62 84988.59 84988.53 84988.52 84988.51 84988.48 84988.43 84988.39 84988.42 84988.45 84988.43 84988.39 84988.45 84988.36 84988.73 84988.72 84988.66 
84988.73 84988.78 84988.73 84988.66 84988.61 84988.62 84988.62 84988.62 84988.62 84988.62 84988.62 84988.62 84988.62 84988.62 84988.62 84988.62 84988.62 84988.62 84988.62 84988.62 84988.63 84988.63 84988.63 84988.63 84988.63 84988.63 84988.42 84988.73 84988.73 84988.67 
84988.73 84988.77 84988.78 84988.73 84988.63 84988.55 84988.54 84988.56 84988.62 84988.67 84988.65 84988.62 84988.62 84988.64 84988.7 84988.7 84988.68 84988.68 84988.68 84988.72 84988.72 84988.7 84988.7 84988.69 84988.66 84988.64 84988.38 84988.63 84988.63 84988.64 
84988.61 84988.61 84988.65 84988.7 84988.63 84988.55 84988.54 84988.56 84988.62 84988.7 84988.74 84988.74 84988.76 84988.8 84988.88 84988.98 84989.04 84989.07 84989.06 84988.98 84988.88 84988.88 84989 84989.14 84989.2 84989.14 84988.69 84988.73 84988.66 84988.66 
84988.55 84988.58 84988.61 84988.61 84988.61 84988.62 84988.62 84988.62 84988.62 84988.65 84988.71 84988.74 84988.75 84988.77 84988.8 84988.89 84988.98 84989.01 84988.99 84988.88 84988.78 84988.8 84988.91 84989.07 84989.16 84989.12 84989 84988.95 84988.91 84988.79 
84988.55 84988.6 84988.63 84988.67 84988.84 84988.87 84988.78 84988.78 84988.74 84988.7 84988.66 84988.62 84988.62 84988.62 84988.62 84988.62 84988.62 84988.62 84988.62 84988.7 84988.77 84988.7 84988.62 84988.62 84988.62 84988.62 84988.68 84988.83 84988.88 84988.75 
84988.61 84988.63 84988.63 84988.67 84988.84 84988.95 84988.96 84988.98 84989.01 84989.02 84989.01 84988.98 84988.95 84988.91 84988.84 84988.73 84988.66 84988.63 84988.67 84988.8 84988.89 84988.91 84988.88 84988.76 84988.65 84988.62 84988.62 84988.58 84988.54 84988.58 
84988.61 84988.61 84988.61 84988.61 84988.61 84988.7 84988.79 84988.81 84988.88 84988.93 84988.96 84988.98 84988.95 84988.91 84988.84 84988.73 84988.66 84988.63 84988.67 84988.72 84988.74 84988.84 84988.87 84988.8 84988.76 84988.73 84988.68 84988.6 84988.55 84988.62 
84988.63 84988.62 84988.61 84988.61 84988.62 84988.63 84988.66 84988.68 84988.68 84988.69 84988.66 84988.63 84988.62 84988.57 84988.56 84988.58 84988.59 84988.59 84988.59 84988.59 84988.61 84988.62 84988.62 84988.66 84988.73 84988.73 84988.68 84988.64 84988.64 84988.66 
84988.63 84988.62 84988.62 84988.64 84988.65 84988.66 84988.67 84988.7 84988.71 84988.74 84988.75 84988.72 84988.65 84988.57 84988.56 84988.58 84988.59 84988.59 84988.59 84988.59 84988.64 84988.61 84988.53 84988.55 84988.56 84988.55 84988.55 84988.59 84988.63 84988.63 
84988.61 84988.61 84988.62 84988.64 84988.64 84988.63 84988.63 84988.63 84988.65 84988.66 84988.7 84988.7 84988.65 84988.62 84988.62 84988.62 84988.62 84988.62 84988.62 84988.63 84988.65 84988.61 84988.5 84988.48 84988.53 84988.55 84988.55 84988.59 84988.64 84988.65 
84988.52 84988.47 84988.46 84988.45 84988.48 84988.54 84988.59 84988.63 84988.63 84988.6 84988.59 84988.57 84988.59 84988.6 84988.62 84988.62 84988.64 84988.67 84988.66 84988.63 84988.62 84988.62 84988.59 84988.55 84988.59 84988.62 84988.62 84988.62 84988.63 84988.64 
84988.51 84988.46 84988.46 84988.45 84988.48 84988.54 84988.59 84988.63 84988.63 84988.6 84988.59 84988.57 84988.59 84988.6 84988.63 84988.68 84988.72 84988.73 84988.69 84988.64 84988.59 84988.58 84988.59 84988.6 84988.61 84988.63 84988.65 84988.68 84988.68 84988.64 
84988.59 84988.6 84988.61 84988.61 84988.61 84988.61 84988.61 84988.61 84988.62 84988.62 84988.62 84988.62 84988.62 84988.62 84988.64 84988.68 84988.7 84988.68 84988.65 84988.63 84988.59 84988.58 84988.58 84988.58 84988.6 84988.64 84988.67 84988.71 84988.77 84988.75 
84988.61 84988.62 84988.67 84988.7 84988.7 84988.7 84988.63 84988.59 84988.56 84988.52 84988.48 84988.45 84988.52 84988.59 84988.62 84988.62 84988.62 84988.62 84988.62 84988.62 84988.62 84988.62 84988.61 84988.6 84988.61 84988.63 84988.64 84988.65 84988.7 84988.73 
84988.55 84988.59 84988.7 84988.79 84988.82 84988.75 84988.63 84988.59 84988.56 84988.52 84988.48 84988.46 84988.52 84988.59 84988.64 84988.7 84988.77 84988.74 84988.66 84988.67 84988.71 84988.7 84988.7 84988.66 84988.63 84988.64 84988.64 84988.64 84988.63 84988.62 
84988.55 84988.58 84988.63 84988.7 84988.73 84988.66 84988.61 84988.61 84988.62 84988.62 84988.62 84988.62 84988.62 84988.62 84988.64 84988.7 84988.77 84988.8 84988.85 84988.86 84988.77 84988.7 84988.73 84988.81 84988.85 84988.85 84988.82 84988.79 84988.73 84988.68 
84988.59 84988.61 84988.64 84988.6 84988.66 84988.63 84988.54 84988.68 84988.55 84988.66 84988.59 84988.59 84988.62 84988.62 84988.62 84988.59 84988.63 84988.7 84988.78 84988.87 84988.68 84988.55 84988.66 84988.71 84988.9 84988.84 84988.77 84988.8 84988.7 84988.68 
